arr3{


3.526,
  3.3173333333333335,
  3.3173333333333335,
  3.3173333333333335,
  3.132,
  2.93,
  2.9113333333333333,
  2.534,
  2.534,
  2.534,
  2.5313333333333334,
  2.376,
  2.3133333333333335,
  2.231333333333333,
  2.231333333333333,
  2.231333333333333,
  2.056,
  2.056,
  1.932,
  1.8646666666666667,
  1.8646666666666667,
  1.6586666666666667,
  1.6586666666666667,
  1.6586666666666667,
  1.638,
  1.496,
  1.384,
  1.384,
  1.37,
  1.3413333333333333,
  1.3413333333333333,
  1.2866666666666666,
  1.266,
  1.14,
  1.14,
  1.14,
  1.1126666666666667,
  1.0126666666666666,
  1.0126666666666666,
  0.9753333333333334,
  0.9673333333333334,
  0.918,
  0.8426666666666667,
  0.8426666666666667,
  0.8166666666666667,
  0.8166666666666667,
  0.8166666666666667,
  0.7266666666666667,
  0.7186666666666667,
  0.7266666666666667,
  0.6746666666666666,
  0.6746666666666666,
  0.6413333333333333,
  0.5973333333333334,
  0.6413333333333333,
  0.5633333333333334,
  0.566,
  0.526,
  0.516,
  0.526,
  0.4533333333333333,
  0.4146666666666667,
  0.41333333333333333,
  0.41333333333333333,
  0.36333333333333334,
  0.36333333333333334,
  0.36333333333333334,
  0.304,
  0.31866666666666665,
  0.294,
  0.31866666666666665,
  0.304,
  0.25733333333333336,
  0.21866666666666668,
  0.21866666666666668,
  0.21866666666666668,
  0.18933333333333333,
  0.18933333333333333,
  0.21133333333333335,
  0.16866666666666666,
  0.15133333333333332,
  0.15133333333333332,
  0.14333333333333334,
  0.12,
  0.12,
  0.098,
  0.07866666666666666,
  0.07866666666666666,
  0.07866666666666666,
  0.058666666666666666,
  0.042666666666666665,
  0.042666666666666665,
  0.019333333333333334,
  0.019333333333333334,
  0.008 