arr4:

[ 17,
  18,
  18,
  18,
  19,
  20,
  21,
  22,
  22,
  22,
  23,
  25,
  24,
  26,
  26,
  26,
  27,
  27,
  29,
  31,
  31,
  34,
  34,
  34,
  32,
  35,
  37,
  37,
  36,
  38,
  38,
  39,
  40,
  41,
  41,
  41,
  43,
  44,
  44,
  46,
  45,
  48,
  49,
  49,
  50,
  50,
  50,
  54,
  53,
  54,
  55,
  55,
  56,
  58,
  56,
  59,
  57,
  62,
  63,
  62,
  64,
  66,
  65,
  65,
  67,
  67,
  67,
  69,
  71,
  72,
  71,
  69,
  74,
  77,
  77,
  77,
  79,
  79,
  76,
  81,
  83,
  83,
  82,
  84,
  84,
  86,
  88,
  88,
  88,
  89,
  92,
  92,
  93,
  93,
  94 ]
